0, 19, 0, 0, 0
1, 18, -2, 2, 0
2, 17, -4, 4, 0
3, 16, -6, 6, 0
4, 15, -8, 8, 0
5, 14, -10, 10, 0
6, 13, -12, 12, 0
7, 12, -14, 14, 0
8, 11, -16, 16, 0
9, 10, -18, 18, 0
10, 9, -20, 20, 0
11, 8, -22, 22, 0
12, 7, -24, 24, 0
13, 6, -26, 26, 0
14, 5, -28, 28, 0
15, 4, -30, 30, 0
16, 3, -32, 32, 0
17, 2, -34, 34, 0
18, 1, -36, 36, 0
19, 0, -38, 38, 0
0, 20, 1, -1, 0
1, 19, -1, 1, 0
2, 18, -3, 3, 0
3, 17, -5, 5, 0
4, 16, -7, 7, 0
5, 15, -9, 9, 0
6, 14, -11, 11, 0
7, 13, -13, 13, 0
8, 12, -15, 15, 0
9, 11, -17, 17, 0
10, 10, -19, 19, 0
11, 9, -21, 21, 0
12, 8, -23, 23, 0
13, 7, -25, 25, 0
14, 6, -27, 27, 0
15, 5, -29, 29, 0
16, 4, -31, 31, 0
17, 3, -33, 33, 0
18, 2, -35, 35, 0
19, 1, -37, 37, 0
20, 0, -39, 39, 0
0, 21, 1, 0, -1
1, 20, 1, -2, 1
2, 19, -1, 0, 1
3, 18, -3, 2, 1
4, 17, -5, 4, 1
5, 16, -7, 6, 1
6, 15, -9, 8, 1
7, 14, -11, 10, 1
8, 13, -13, 12, 1
9, 12, -15, 14, 1
10, 11, -17, 16, 1
11, 10, -19, 18, 1
12, 9, -21, 20, 1
13, 8, -23, 22, 1
14, 7, -25, 24, 1
15, 6, -27, 26, 1
16, 5, -29, 28, 1
17, 4, -31, 30, 1
18, 3, -33, 32, 1
19, 2, -35, 34, 1
20, 1, -37, 36, 1
21, 0, -39, 38, 1
1, 21, 2, 0, -2
2, 20, 0, -4, 4
3, 19, -4, 2, 2
4, 18, -6, 4, 2
5, 17, -8, 6, 2
6, 16, -10, 8, 2
7, 15, -12, 10, 2
8, 14, -14, 12, 2
9, 13, -16, 14, 2
10, 12, -18, 16, 2
11, 11, -20, 18, 2
12, 10, -22, 20, 2
13, 9, -24, 22, 2
14, 8, -26, 24, 2
15, 7, -28, 26, 2
16, 6, -30, 28, 2
17, 5, -32, 30, 2
18, 4, -34, 32, 2
19, 3, -36, 34, 2
20, 2, -38, 36, 2
21, 1, -40, 38, 2
22, 0, -38, 38, 0
1, 22, 3, -1, -2
2, 21, 1, -5, 4
3, 20, -1, -3, 4
4, 19, -5, 3, 2
5, 18, -7, 5, 2
6, 17, -9, 7, 2
7, 16, -11, 9, 2
8, 15, -13, 11, 2
9, 14, -15, 13, 2
10, 13, -17, 15, 2
11, 12, -19, 17, 2
12, 11, -21, 19, 2
13, 10, -23, 21, 2
14, 9, -25, 23, 2
15, 8, -27, 25, 2
16, 7, -29, 27, 2
17, 6, -31, 29, 2
18, 5, -33, 31, 2
19, 4, -35, 33, 2
20, 3, -37, 35, 2
21, 2, -39, 37, 2
22, 1, -37, 37, 0
2, 22, 3, -2, -1
3, 21, -1, -2, 3
4, 20, -1, -4, 5
5, 19, -5, 2, 3
6, 18, -7, 4, 3
7, 17, -9, 6, 3
8, 16, -11, 8, 3
9, 15, -13, 10, 3
10, 14, -15, 12, 3
11, 13, -17, 14, 3
12, 12, -19, 16, 3
13, 11, -21, 18, 3
14, 10, -23, 20, 3
15, 9, -25, 22, 3
16, 8, -27, 24, 3
17, 7, -29, 26, 3
18, 6, -31, 28, 3
19, 5, -33, 30, 3
20, 4, -35, 32, 3
21, 3, -37, 34, 3
22, 2, -39, 36, 3
23, 1, -37, 36, 1
2, 23, 2, -2, 0
3, 22, -2, -2, 4
4, 21, 0, -2, 2
5, 20, -2, -6, 8
6, 19, -8, 4, 4
7, 18, -10, 6, 4
8, 17, -12, 8, 4
9, 16, -14, 10, 4
10, 15, -16, 12, 4
11, 14, -18, 14, 4
12, 13, -20, 16, 4
13, 12, -22, 18, 4
14, 11, -24, 20, 4
15, 10, -26, 22, 4
16, 9, -28, 24, 4
17, 8, -30, 26, 4
18, 7, -32, 28, 4
19, 6, -34, 30, 4
20, 5, -36, 32, 4
21, 4, -38, 34, 4
22, 3, -40, 36, 4
23, 2, -42, 38, 4
24, 1, -36, 36, 0
3, 23, 1, -1, 0
4, 22, 1, -3, 2
5, 21, -1, -7, 8
6, 20, -3, -5, 8
7, 19, -9, 5, 4
8, 18, -11, 7, 4
9, 17, -13, 9, 4
10, 16, -15, 11, 4
11, 15, -17, 13, 4
12, 14, -19, 15, 4
13, 13, -21, 17, 4
14, 12, -23, 19, 4
15, 11, -25, 21, 4
16, 10, -27, 23, 4
17, 9, -29, 25, 4
18, 8, -31, 27, 4
19, 7, -33, 29, 4
20, 6, -35, 31, 4
21, 5, -37, 33, 4
22, 4, -39, 35, 4
23, 3, -41, 37, 4
24, 2, -35, 35, 0
3, 24, 1, 0, -1
4, 23, 1, -2, 1
5, 22, -1, -6, 7
6, 21, -3, -4, 7
7, 20, -3, -6, 9
8, 19, -9, 4, 5
9, 18, -11, 6, 5
10, 17, -13, 8, 5
11, 16, -15, 10, 5
12, 15, -17, 12, 5
13, 14, -19, 14, 5
14, 13, -21, 16, 5
15, 12, -23, 18, 5
16, 11, -25, 20, 5
17, 10, -27, 22, 5
18, 9, -29, 24, 5
19, 8, -31, 26, 5
20, 7, -33, 28, 5
21, 6, -35, 30, 5
22, 5, -37, 32, 5
23, 4, -39, 34, 5
24, 3, -41, 36, 5
25, 2, -35, 34, 1
4, 24, 2, 0, -2
5, 23, 0, -4, 4
6, 22, -4, -4, 8
7, 21, -2, -4, 6
8, 20, -4, -8, 12
9, 19, -12, 6, 6
10, 18, -14, 8, 6
11, 17, -16, 10, 6
12, 16, -18, 12, 6
13, 15, -20, 14, 6
14, 14, -22, 16, 6
15, 13, -24, 18, 6
16, 12, -26, 20, 6
17, 11, -28, 22, 6
18, 10, -30, 24, 6
19, 9, -32, 26, 6
20, 8, -34, 28, 6
21, 7, -36, 30, 6
22, 6, -38, 32, 6
23, 5, -40, 34, 6
24, 4, -42, 36, 6
25, 3, -44, 38, 6
26, 2, -34, 34, 0
4, 25, 3, -1, -2
5, 24, 1, -5, 4
6, 23, -3, -5, 8
7, 22, -1, -5, 6
8, 21, -3, -9, 12
9, 20, -5, -7, 12
10, 19, -13, 7, 6
11, 18, -15, 9, 6
12, 17, -17, 11, 6
13, 16, -19, 13, 6
14, 15, -21, 15, 6
15, 14, -23, 17, 6
16, 13, -25, 19, 6
17, 12, -27, 21, 6
18, 11, -29, 23, 6
19, 10, -31, 25, 6
20, 9, -33, 27, 6
21, 8, -35, 29, 6
22, 7, -37, 31, 6
23, 6, -39, 33, 6
24, 5, -41, 35, 6
25, 4, -43, 37, 6
26, 3, -33, 33, 0
5, 25, 3, -2, -1
6, 24, -1, -2, 3
7, 23, -1, -4, 5
8, 22, -3, -8, 11
9, 21, -5, -6, 11
10, 20, -5, -8, 13
11, 19, -13, 6, 7
12, 18, -15, 8, 7
13, 17, -17, 10, 7
14, 16, -19, 12, 7
15, 15, -21, 14, 7
16, 14, -23, 16, 7
17, 13, -25, 18, 7
18, 12, -27, 20, 7
19, 11, -29, 22, 7
20, 10, -31, 24, 7
21, 9, -33, 26, 7
22, 8, -35, 28, 7
23, 7, -37, 30, 7
24, 6, -39, 32, 7
25, 5, -41, 34, 7
26, 4, -43, 36, 7
27, 3, -33, 32, 1
5, 26, 2, -2, 0
6, 25, -2, -2, 4
7, 24, -2, -4, 6
8, 23, -2, -6, 8
9, 22, -6, -6, 12
10, 21, -4, -6, 10
11, 20, -6, -10, 16
12, 19, -16, 8, 8
13, 18, -18, 10, 8
14, 17, -20, 12, 8
15, 16, -22, 14, 8
16, 15, -24, 16, 8
17, 14, -26, 18, 8
18, 13, -28, 20, 8
19, 12, -30, 22, 8
20, 11, -32, 24, 8
21, 10, -34, 26, 8
22, 9, -36, 28, 8
23, 8, -38, 30, 8
24, 7, -40, 32, 8
25, 6, -42, 34, 8
26, 5, -44, 36, 8
27, 4, -46, 38, 8
28, 3, -32, 32, 0
6, 26, 1, -1, 0
7, 25, 1, -3, 2
8, 24, -1, -7, 8
9, 23, -5, -7, 12
10, 22, -3, -7, 10
11, 21, -5, -11, 16
12, 20, -7, -9, 16
13, 19, -17, 9, 8
14, 18, -19, 11, 8
15, 17, -21, 13, 8
16, 16, -23, 15, 8
17, 15, -25, 17, 8
18, 14, -27, 19, 8
19, 13, -29, 21, 8
20, 12, -31, 23, 8
21, 11, -33, 25, 8
22, 10, -35, 27, 8
23, 9, -37, 29, 8
24, 8, -39, 31, 8
25, 7, -41, 33, 8
26, 6, -43, 35, 8
27, 5, -45, 37, 8
28, 4, -31, 31, 0
6, 27, 1, 0, -1
7, 26, 1, -2, 1
8, 25, -1, -6, 7
9, 24, -3, -4, 7
10, 23, -3, -6, 9
11, 22, -5, -10, 15
12, 21, -7, -8, 15
13, 20, -7, -10, 17
14, 19, -17, 8, 9
15, 18, -19, 10, 9
16, 17, -21, 12, 9
17, 16, -23, 14, 9
18, 15, -25, 16, 9
19, 14, -27, 18, 9
20, 13, -29, 20, 9
21, 12, -31, 22, 9
22, 11, -33, 24, 9
23, 10, -35, 26, 9
24, 9, -37, 28, 9
25, 8, -39, 30, 9
26, 7, -41, 32, 9
27, 6, -43, 34, 9
28, 5, -45, 36, 9
29, 4, -31, 30, 1
7, 27, 2, 0, -2
8, 26, 0, -4, 4
9, 25, -4, -4, 8
10, 24, -4, -6, 10
11, 23, -4, -8, 12
12, 22, -8, -8, 16
13, 21, -6, -8, 14
14, 20, -8, -12, 20
15, 19, -20, 10, 10
16, 18, -22, 12, 10
17, 17, -24, 14, 10
18, 16, -26, 16, 10
19, 15, -28, 18, 10
20, 14, -30, 20, 10
21, 13, -32, 22, 10
22, 12, -34, 24, 10
23, 11, -36, 26, 10
24, 10, -38, 28, 10
25, 9, -40, 30, 10
26, 8, -42, 32, 10
27, 7, -44, 34, 10
28, 6, -46, 36, 10
29, 5, -48, 38, 10
30, 4, -30, 30, 0
7, 28, 3, -1, -2
8, 27, 1, -5, 4
9, 26, -3, -5, 8
10, 25, -1, -5, 6
11, 24, -3, -9, 12
12, 23, -7, -9, 16
13, 22, -5, -9, 14
14, 21, -7, -13, 20
15, 20, -9, -11, 20
16, 19, -21, 11, 10
17, 18, -23, 13, 10
18, 17, -25, 15, 10
19, 16, -27, 17, 10
20, 15, -29, 19, 10
21, 14, -31, 21, 10
22, 13, -33, 23, 10
23, 12, -35, 25, 10
24, 11, -37, 27, 10
25, 10, -39, 29, 10
26, 9, -41, 31, 10
27, 8, -43, 33, 10
28, 7, -45, 35, 10
29, 6, -47, 37, 10
30, 5, -29, 29, 0
8, 28, 3, -2, -1
9, 27, -1, -2, 3
10, 26, -1, -4, 5
11, 25, -3, -8, 11
12, 24, -5, -6, 11
13, 23, -5, -8, 13
14, 22, -7, -12, 19
15, 21, -9, -10, 19
16, 20, -9, -12, 21
17, 19, -21, 10, 11
18, 18, -23, 12, 11
19, 17, -25, 14, 11
20, 16, -27, 16, 11
21, 15, -29, 18, 11
22, 14, -31, 20, 11
23, 13, -33, 22, 11
24, 12, -35, 24, 11
25, 11, -37, 26, 11
26, 10, -39, 28, 11
27, 9, -41, 30, 11
28, 8, -43, 32, 11
29, 7, -45, 34, 11
30, 6, -47, 36, 11
31, 5, -29, 28, 1
8, 29, 2, -2, 0
9, 28, -2, -2, 4
10, 27, -2, -4, 6
11, 26, -2, -6, 8
12, 25, -6, -6, 12
13, 24, -6, -8, 14
14, 23, -6, -10, 16
15, 22, -10, -10, 20
16, 21, -8, -10, 18
17, 20, -10, -14, 24
18, 19, -24, 12, 12
19, 18, -26, 14, 12
20, 17, -28, 16, 12
21, 16, -30, 18, 12
22, 15, -32, 20, 12
23, 14, -34, 22, 12
24, 13, -36, 24, 12
25, 12, -38, 26, 12
26, 11, -40, 28, 12
27, 10, -42, 30, 12
28, 9, -44, 32, 12
29, 8, -46, 34, 12
30, 7, -48, 36, 12
31, 6, -50, 38, 12
32, 5, -28, 28, 0
9, 29, 1, -1, 0
10, 28, 1, -3, 2
11, 27, -1, -7, 8
12, 26, -5, -7, 12
13, 25, -3, -7, 10
14, 24, -5, -11, 16
15, 23, -9, -11, 20
16, 22, -7, -11, 18
17, 21, -9, -15, 24
18, 20, -11, -13, 24
19, 19, -25, 13, 12
20, 18, -27, 15, 12
21, 17, -29, 17, 12
22, 16, -31, 19, 12
23, 15, -33, 21, 12
24, 14, -35, 23, 12
25, 13, -37, 25, 12
26, 12, -39, 27, 12
27, 11, -41, 29, 12
28, 10, -43, 31, 12
29, 9, -45, 33, 12
30, 8, -47, 35, 12
31, 7, -49, 37, 12
32, 6, -27, 27, 0
9, 30, 1, 0, -1
10, 29, 1, -2, 1
11, 28, -1, -6, 7
12, 27, -3, -4, 7
13, 26, -3, -6, 9
14, 25, -5, -10, 15
15, 24, -7, -8, 15
16, 23, -7, -10, 17
17, 22, -9, -14, 23
18, 21, -11, -12, 23
19, 20, -11, -14, 25
20, 19, -25, 12, 13
21, 18, -27, 14, 13
22, 17, -29, 16, 13
23, 16, -31, 18, 13
24, 15, -33, 20, 13
25, 14, -35, 22, 13
26, 13, -37, 24, 13
27, 12, -39, 26, 13
28, 11, -41, 28, 13
29, 10, -43, 30, 13
30, 9, -45, 32, 13
31, 8, -47, 34, 13
32, 7, -49, 36, 13
33, 6, -27, 26, 1
10, 30, 2, 0, -2
11, 29, 0, -4, 4
12, 28, -4, -4, 8
13, 27, -4, -6, 10
14, 26, -4, -8, 12
15, 25, -8, -8, 16
16, 24, -8, -10, 18
17, 23, -8, -12, 20
18, 22, -12, -12, 24
19, 21, -10, -12, 22
20, 20, -12, -16, 28
21, 19, -28, 14, 14
22, 18, -30, 16, 14
23, 17, -32, 18, 14
24, 16, -34, 20, 14
25, 15, -36, 22, 14
26, 14, -38, 24, 14
27, 13, -40, 26, 14
28, 12, -42, 28, 14
29, 11, -44, 30, 14
30, 10, -46, 32, 14
31, 9, -48, 34, 14
32, 8, -50, 36, 14
33, 7, -52, 38, 14
34, 6, -26, 26, 0
10, 31, 3, -1, -2
11, 30, 1, -5, 4
12, 29, -3, -5, 8
13, 28, -1, -5, 6
14, 27, -3, -9, 12
15, 26, -7, -9, 16
16, 25, -5, -9, 14
17, 24, -7, -13, 20
18, 23, -11, -13, 24
19, 22, -9, -13, 22
20, 21, -11, -17, 28
21, 20, -27, 13, 14
22, 19, -29, 15, 14
23, 18, -31, 17, 14
24, 17, -33, 19, 14
25, 16, -35, 21, 14
26, 15, -37, 23, 14
27, 14, -39, 25, 14
28, 13, -41, 27, 14
29, 12, -43, 29, 14
30, 11, -45, 31, 14
31, 10, -47, 33, 14
32, 9, -49, 35, 14
33, 8, -51, 37, 14
34, 7, -25, 25, 0
11, 31, 3, -2, -1
12, 30, -1, -2, 3
13, 29, -1, -4, 5
14, 28, -3, -8, 11
15, 27, -5, -6, 11
16, 26, -5, -8, 13
17, 25, -7, -12, 19
18, 24, -9, -10, 19
19, 23, -9, -12, 21
20, 22, -9, -14, 23
21, 21, -27, 14, 13
22, 20, -29, 16, 13
23, 19, -29, 14, 15
24, 18, -31, 16, 15
25, 17, -33, 18, 15
26, 16, -35, 20, 15
27, 15, -37, 22, 15
28, 14, -39, 24, 15
29, 13, -41, 26, 15
30, 12, -43, 28, 15
31, 11, -45, 30, 15
32, 10, -47, 32, 15
33, 9, -49, 34, 15
34, 8, -51, 36, 15
35, 7, -25, 24, 1
11, 32, 2, -2, 0
12, 31, -2, -2, 4
13, 30, -2, -4, 6
14, 29, -2, -6, 8
15, 28, -6, -6, 12
16, 27, -6, -8, 14
17, 26, -6, -10, 16
18, 25, -10, -10, 20
19, 24, -10, -12, 22
20, 23, -10, -14, 24
21, 22, -8, -14, 22
22, 21, -30, 16, 14
23, 20, -28, 16, 12
24, 19, -30, 12, 18
25, 18, -34, 18, 16
26, 17, -36, 20, 16
27, 16, -38, 22, 16
28, 15, -40, 24, 16
29, 14, -42, 26, 16
30, 13, -44, 28, 16
31, 12, -46, 30, 16
32, 11, -48, 32, 16
33, 10, -50, 34, 16
34, 9, -52, 36, 16
35, 8, -54, 38, 16
36, 7, -24, 24, 0
12, 32, 1, -1, 0
13, 31, 1, -3, 2
14, 30, -1, -7, 8
15, 29, -5, -7, 12
16, 28, -3, -7, 10
17, 27, -5, -11, 16
18, 26, -9, -11, 20
19, 25, -7, -11, 18
20, 24, -9, -15, 24
21, 23, -7, -15, 22
22, 22, -29, 15, 14
23, 21, -31, 17, 14
24, 20, -27, 13, 14
25, 19, -31, 13, 18
26, 18, -35, 19, 16
27, 17, -37, 21, 16
28, 16, -39, 23, 16
29, 15, -41, 25, 16
30, 14, -43, 27, 16
31, 13, -45, 29, 16
32, 12, -47, 31, 16
33, 11, -49, 33, 16
34, 10, -51, 35, 16
35, 9, -53, 37, 16
36, 8, -23, 23, 0
12, 33, 1, 0, -1
13, 32, 1, -2, 1
14, 31, -1, -6, 7
15, 30, -3, -4, 7
16, 29, -3, -6, 9
17, 28, -5, -10, 15
18, 27, -7, -8, 15
19, 26, -7, -10, 17
20, 25, -7, -12, 19
21, 24, -7, -14, 21
22, 23, -29, 16, 13
23, 22, -31, 18, 13
24, 21, -27, 14, 13
25, 20, -27, 12, 15
26, 19, -31, 12, 19
27, 18, -35, 18, 17
28, 17, -37, 20, 17
29, 16, -39, 22, 17
30, 15, -41, 24, 17
31, 14, -43, 26, 17
32, 13, -45, 28, 17
33, 12, -47, 30, 17
34, 11, -49, 32, 17
35, 10, -51, 34, 17
36, 9, -53, 36, 17
37, 8, -23, 22, 1
13, 33, 2, 0, -2
14, 32, 0, -4, 4
15, 31, -4, -4, 8
16, 30, -4, -6, 10
17, 29, -4, -8, 12
18, 28, -8, -8, 16
19, 27, -8, -10, 18
20, 26, -8, -12, 20
21, 25, -6, -12, 18
22, 24, -10, -12, 22
23, 23, -32, 18, 14
24, 22, -28, 14, 14
25, 21, -28, 12, 16
26, 20, -26, 12, 14
27, 19, -34, 14, 20
28, 18, -38, 20, 18
29, 17, -40, 22, 18
30, 16, -42, 24, 18
31, 15, -44, 26, 18
32, 14, -46, 28, 18
33, 13, -48, 30, 18
34, 12, -50, 32, 18
35, 11, -52, 34, 18
36, 10, -54, 36, 18
37, 9, -56, 38, 18
38, 8, -22, 22, 0
13, 34, 3, -1, -2
14, 33, 1, -5, 4
15, 32, -3, -5, 8
16, 31, -1, -5, 6
17, 30, -3, -9, 12
18, 29, -7, -9, 16
19, 28, -5, -9, 14
20, 27, -7, -13, 20
21, 26, -5, -13, 18
22, 25, -9, -13, 22
23, 24, -11, -11, 22
24, 23, -31, 15, 16
25, 22, -27, 11, 16
26, 21, -25, 11, 14
27, 20, -33, 13, 20
28, 19, -35, 15, 20
29, 18, -39, 21, 18
30, 17, -41, 23, 18
31, 16, -43, 25, 18
32, 15, -45, 27, 18
33, 14, -47, 29, 18
34, 13, -49, 31, 18
35, 12, -51, 33, 18
36, 11, -53, 35, 18
37, 10, -55, 37, 18
38, 9, -21, 21, 0
14, 34, 3, -2, -1
15, 33, -1, -2, 3
16, 32, -1, -4, 5
17, 31, -3, -8, 11
18, 30, -5, -6, 11
19, 29, -5, -8, 13
20, 28, -5, -10, 15
21, 27, -5, -12, 17
22, 26, -9, -12, 21
23, 25, -11, -10, 21
24, 24, -31, 16, 15
25, 23, -31, 14, 17
26, 22, -25, 12, 13
27, 21, -33, 14, 19
28, 20, -35, 16, 19
29, 19, -35, 14, 21
30, 18, -39, 20, 19
31, 17, -41, 22, 19
32, 16, -43, 24, 19
33, 15, -45, 26, 19
34, 14, -47, 28, 19
35, 13, -49, 30, 19
36, 12, -51, 32, 19
37, 11, -53, 34, 19
38, 10, -55, 36, 19
39, 9, -21, 20, 1
14, 35, 2, -2, 0
15, 34, -2, -2, 4
16, 33, -2, -4, 6
17, 32, -2, -6, 8
18, 31, -6, -6, 12
19, 30, -6, -8, 14
20, 29, -6, -10, 16
21, 28, -4, -10, 14
22, 27, -8, -10, 18
23, 26, -12, -10, 22
24, 25, -32, 16, 16
25, 24, -32, 14, 18
26, 23, -26, 12, 14
27, 22, -24, 12, 12
28, 21, -36, 16, 20
29, 20, -34, 16, 18
30, 19, -36, 12, 24
31, 18, -42, 22, 20
32, 17, -44, 24, 20
33, 16, -46, 26, 20
34, 15, -48, 28, 20
35, 14, -50, 30, 20
36, 13, -52, 32, 20
37, 12, -54, 34, 20
38, 11, -56, 36, 20
39, 10, -58, 38, 20
40, 9, -20, 20, 0
15, 35, 1, -1, 0
16, 34, 1, -3, 2
17, 33, -1, -7, 8
18, 32, -5, -7, 12
19, 31, -3, -7, 10
20, 30, -5, -11, 16
21, 29, -3, -11, 14
22, 28, -7, -11, 18
23, 27, -9, -9, 18
24, 26, -11, -13, 24
25, 25, -31, 13, 18
26, 24, -25, 11, 14
27, 23, -23, 11, 12
28, 22, -35, 15, 20
29, 21, -37, 17, 20
30, 20, -33, 13, 20
31, 19, -37, 13, 24
32, 18, -43, 23, 20
33, 17, -45, 25, 20
34, 16, -47, 27, 20
35, 15, -49, 29, 20
36, 14, -51, 31, 20
37, 13, -53, 33, 20
38, 12, -55, 35, 20
39, 11, -57, 37, 20
40, 10, -19, 19, 0
15, 36, 1, 0, -1
16, 35, 1, -2, 1
17, 34, -1, -6, 7
18, 33, -3, -4, 7
19, 32, -3, -6, 9
20, 31, -3, -8, 11
21, 30, -3, -10, 13
22, 29, -7, -10, 17
23, 28, -9, -8, 17
24, 27, -11, -12, 23
25, 26, -11, -14, 25
26, 25, -29, 14, 15
27, 24, -23, 12, 11
28, 23, -35, 16, 19
29, 22, -37, 18, 19
30, 21, -33, 14, 19
31, 20, -33, 12, 21
32, 19, -37, 12, 25
33, 18, -43, 22, 21
34, 17, -45, 24, 21
35, 16, -47, 26, 21
36, 15, -49, 28, 21
37, 14, -51, 30, 21
38, 13, -53, 32, 21
39, 12, -55, 34, 21
40, 11, -57, 36, 21
41, 10, -19, 18, 1
16, 36, 2, 0, -2
17, 35, 0, -4, 4
18, 34, -4, -4, 8
19, 33, -4, -6, 10
20, 32, -4, -8, 12
21, 31, -2, -8, 10
22, 30, -6, -8, 14
23, 29, -10, -8, 18
24, 28, -12, -12, 24
25, 27, -12, -14, 26
26, 26, -30, 14, 16
27, 25, -28, 14, 14
28, 24, -26, 14, 12
29, 23, -38, 18, 20
30, 22, -34, 14, 20
31, 21, -34, 12, 22
32, 20, -32, 12, 20
33, 19, -40, 14, 26
34, 18, -46, 24, 22
35, 17, -48, 26, 22
36, 16, -50, 28, 22
37, 15, -52, 30, 22
38, 14, -54, 32, 22
39, 13, -56, 34, 22
40, 12, -58, 36, 22
41, 11, -60, 38, 22
42, 10, -18, 18, 0
16, 37, 3, -1, -2
17, 36, 1, -5, 4
18, 35, -3, -5, 8
19, 34, -1, -5, 6
20, 33, -3, -9, 12
21, 32, -1, -9, 10
22, 31, -5, -9, 14
23, 30, -7, -7, 14
24, 29, -9, -11, 20
25, 28, -11, -15, 26
26, 27, -29, 13, 16
27, 26, -27, 13, 14
28, 25, -25, 13, 12
29, 24, -27, 15, 12
30, 23, -37, 15, 22
31, 22, -33, 11, 22
32, 21, -31, 11, 20
33, 20, -39, 13, 26
34, 19, -41, 15, 26
35, 18, -47, 25, 22
36, 17, -49, 27, 22
37, 16, -51, 29, 22
38, 15, -53, 31, 22
39, 14, -55, 33, 22
40, 13, -57, 35, 22
41, 12, -59, 37, 22
42, 11, -17, 17, 0
17, 37, 3, -2, -1
18, 36, -1, -2, 3
19, 35, -1, -4, 5
20, 34, -1, -6, 7
21, 33, -1, -8, 9
22, 32, -5, -8, 13
23, 31, -7, -6, 13
24, 30, -9, -10, 19
25, 29, -9, -12, 21
26, 28, -9, -14, 23
27, 27, -27, 14, 13
28, 26, -25, 14, 11
29, 25, -27, 16, 11
30, 24, -37, 16, 21
31, 23, -37, 14, 23
32, 22, -31, 12, 19
33, 21, -39, 14, 25
34, 20, -41, 16, 25
35, 19, -41, 14, 27
36, 18, -47, 24, 23
37, 17, -49, 26, 23
38, 16, -51, 28, 23
39, 15, -53, 30, 23
40, 14, -55, 32, 23
41, 13, -57, 34, 23
42, 12, -59, 36, 23
43, 11, -17, 16, 1
17, 38, 2, -2, 0
18, 37, -2, -2, 4
19, 36, -2, -4, 6
20, 35, -2, -6, 8
21, 34, 0, -6, 6
22, 33, -4, -6, 10
23, 32, -8, -6, 14
24, 31, -10, -10, 20
25, 30, -10, -12, 22
26, 29, -10, -14, 24
27, 28, -8, -14, 22
28, 27, -30, 16, 14
29, 26, -28, 16, 12
30, 25, -38, 16, 22
31, 24, -38, 14, 24
32, 23, -32, 12, 20
33, 22, -30, 12, 18
34, 21, -42, 16, 26
35, 20, -40, 16, 24
36, 19, -42, 12, 30
37, 18, -50, 26, 24
38, 17, -52, 28, 24
39, 16, -54, 30, 24
40, 15, -56, 32, 24
41, 14, -58, 34, 24
42, 13, -60, 36, 24
43, 12, -62, 38, 24
44, 11, -16, 16, 0
18, 38, 1, -1, 0
19, 37, 1, -3, 2
20, 36, -1, -7, 8
21, 35, 1, -7, 6
22, 34, -3, -7, 10
23, 33, -5, -5, 10
24, 32, -7, -9, 16
25, 31, -9, -13, 22
26, 30, -9, -15, 24
27, 29, -7, -15, 22
28, 28, -29, 15, 14
29, 27, -31, 17, 14
30, 26, -27, 13, 14
31, 25, -37, 13, 24
32, 24, -31, 11, 20
33, 23, -29, 11, 18
34, 22, -41, 15, 26
35, 21, -43, 17, 26
36, 20, -39, 13, 26
37, 19, -43, 13, 30
38, 18, -51, 27, 24
39, 17, -53, 29, 24
40, 16, -55, 31, 24
41, 15, -57, 33, 24
42, 14, -59, 35, 24
43, 13, -61, 37, 24
44, 12, -15, 15, 0
18, 39, 1, 0, -1
19, 38, 1, -2, 1
20, 37, 1, -4, 3
21, 36, 1, -6, 5
22, 35, -3, -6, 9
23, 34, -5, -4, 9
24, 33, -7, -8, 15
25, 32, -7, -10, 17
26, 31, -7, -12, 19
27, 30, -7, -14, 21
28, 29, -29, 16, 13
29, 28, -31, 18, 13
30, 27, -27, 14, 13
31, 26, -27, 12, 15
32, 25, -35, 14, 21
33, 24, -29, 12, 17
34, 23, -41, 16, 25
35, 22, -43, 18, 25
36, 21, -39, 14, 25
37, 20, -39, 12, 27
38, 19, -43, 12, 31
39, 18, -51, 26, 25
40, 17, -53, 28, 25
41, 16, -55, 30, 25
42, 15, -57, 32, 25
43, 14, -59, 34, 25
44, 13, -61, 36, 25
45, 12, -15, 14, 1
19, 39, 2, 0, -2
20, 38, 0, -4, 4
21, 37, 2, -4, 2
22, 36, -2, -4, 6
23, 35, -6, -4, 10
24, 34, -8, -8, 16
25, 33, -8, -10, 18
26, 32, -8, -12, 20
27, 31, -6, -12, 18
28, 30, -10, -12, 22
29, 29, -32, 18, 14
30, 28, -28, 14, 14
31, 27, -28, 12, 16
32, 26, -36, 14, 22
33, 25, -34, 14, 20
34, 24, -32, 14, 18
35, 23, -44, 18, 26
36, 22, -40, 14, 26
37, 21, -40, 12, 28
38, 20, -38, 12, 26
39, 19, -46, 14, 32
40, 18, -54, 28, 26
41, 17, -56, 30, 26
42, 16, -58, 32, 26
43, 15, -60, 34, 26
44, 14, -62, 36, 26
45, 13, -64, 38, 26
46, 12, -14, 14, 0
19, 40, 3, -1, -2
20, 39, 1, -5, 4
21, 38, 3, -5, 2
22, 37, -1, -5, 6
23, 36, -3, -3, 6
24, 35, -5, -7, 12
25, 34, -7, -11, 18
26, 33, -7, -13, 20
27, 32, -5, -13, 18
28, 31, -9, -13, 22
29, 30, -11, -11, 22
30, 29, -31, 15, 16
31, 28, -27, 11, 16
32, 27, -35, 13, 22
33, 26, -33, 13, 20
34, 25, -31, 13, 18
35, 24, -33, 15, 18
36, 23, -43, 15, 28
37, 22, -39, 11, 28
38, 21, -37, 11, 26
39, 20, -45, 13, 32
40, 19, -47, 15, 32
41, 18, -55, 29, 26
42, 17, -57, 31, 26
43, 16, -59, 33, 26
44, 15, -61, 35, 26
45, 14, -63, 37, 26
46, 13, -13, 13, 0
20, 40, 3, -2, -1
21, 39, 3, -4, 1
22, 38, -1, -4, 5
23, 37, -3, -2, 5
24, 36, -5, -6, 11
25, 35, -5, -8, 13
26, 34, -5, -10, 15
27, 33, -5, -12, 17
28, 32, -9, -12, 21
29, 31, -11, -10, 21
30, 30, -31, 16, 15
31, 29, -31, 14, 17
32, 28, -25, 12, 13
33, 27, -33, 14, 19
34, 26, -31, 14, 17
35, 25, -33, 16, 17
36, 24, -43, 16, 27
37, 23, -43, 14, 29
38, 22, -37, 12, 25
39, 21, -45, 14, 31
40, 20, -47, 16, 31
41, 19, -47, 14, 33
42, 18, -55, 28, 27
43, 17, -57, 30, 27
44, 16, -59, 32, 27
45, 15, -61, 34, 27
46, 14, -63, 36, 27
47, 13, -13, 12, 1
21, 40, 4, -2, -2
22, 39, 2, 0, -2
23, 38, -4, -2, 6
24, 37, -6, -6, 12
25, 36, -6, -8, 14
26, 35, -6, -10, 16
27, 34, -4, -10, 14
28, 33, -8, -10, 18
29, 32, -12, -10, 22
30, 31, -32, 16, 16
31, 30, -32, 14, 18
32, 29, -26, 12, 14
33, 28, -24, 12, 12
34, 27, -36, 16, 20
35, 26, -34, 16, 18
36, 25, -44, 16, 28
37, 24, -44, 14, 30
38, 23, -38, 12, 26
39, 22, -36, 12, 24
40, 21, -48, 16, 32
41, 20, -46, 16, 30
42, 19, -48, 12, 36
43, 18, -58, 30, 28
44, 17, -60, 32, 28
45, 16, -62, 34, 28
46, 15, -64, 36, 28
47, 14, -66, 38, 28
48, 13, -12, 12, 0
22, 40, 3, -1, -2
23, 39, 1, 1, -2
24, 38, 1, -1, 0
25, 37, -5, -9, 14
26, 36, -5, -11, 16
27, 35, -3, -11, 14
28, 34, -7, -11, 18
29, 33, -9, -9, 18
30, 32, -11, -13, 24
31, 31, -31, 13, 18
32, 30, -25, 11, 14
33, 29, -23, 11, 12
34, 28, -35, 15, 20
35, 27, -37, 17, 20
36, 26, -33, 13, 20
37, 25, -43, 13, 30
38, 24, -37, 11, 26
39, 23, -35, 11, 24
40, 22, -47, 15, 32
41, 21, -49, 17, 32
42, 20, -45, 13, 32
43, 19, -49, 13, 36
44, 18, -59, 31, 28
45, 17, -61, 33, 28
46, 16, -63, 35, 28
47, 15, -65, 37, 28
48, 14, -11, 11, 0
24, 39, 1, 0, -1
25, 38, 1, -2, 1
26, 37, 3, -2, -1
27, 36, -3, -10, 13
28, 35, -7, -10, 17
29, 34, -9, -8, 17
30, 33, -11, -12, 23
31, 32, -11, -14, 25
32, 31, -29, 14, 15
33, 30, -23, 12, 11
34, 29, -35, 16, 19
35, 28, -37, 18, 19
36, 27, -33, 14, 19
37, 26, -33, 12, 21
38, 25, -41, 14, 27
39, 24, -35, 12, 23
40, 23, -47, 16, 31
41, 22, -49, 18, 31
42, 21, -45, 14, 31
43, 20, -45, 12, 33
44, 19, -49, 12, 37
45, 18, -59, 30, 29
46, 17, -61, 32, 29
47, 16, -63, 34, 29
48, 15, -65, 36, 29
49, 14, -11, 10, 1
26, 38, 2, -2, 0
27, 37, 4, -2, -2
28, 36, 2, 0, -2
29, 35, -10, -8, 18
30, 34, -12, -12, 24
31, 33, -12, -14, 26
32, 32, -30, 14, 16
33, 31, -28, 14, 14
34, 30, -26, 14, 12
35, 29, -38, 18, 20
36, 28, -34, 14, 20
37, 27, -34, 12, 22
38, 26, -42, 14, 28
39, 25, -40, 14, 26
40, 24, -38, 14, 24
41, 23, -50, 18, 32
42, 22, -46, 14, 32
43, 21, -46, 12, 34
44, 20, -44, 12, 32
45, 19, -52, 14, 38
46, 18, -62, 32, 30
47, 17, -64, 34, 30
48, 16, -66, 36, 30
49, 15, -68, 38, 30
50, 14, -10, 10, 0
28, 37, 3, -1, -2
29, 36, 1, 1, -2
30, 35, 1, -1, 0
31, 34, -11, -15, 26
32, 33, -29, 13, 16
33, 32, -27, 13, 14
34, 31, -25, 13, 12
35, 30, -27, 15, 12
36, 29, -37, 15, 22
37, 28, -33, 11, 22
38, 27, -41, 13, 28
39, 26, -39, 13, 26
40, 25, -37, 13, 24
41, 24, -39, 15, 24
42, 23, -49, 15, 34
43, 22, -45, 11, 34
44, 21, -43, 11, 32
45, 20, -51, 13, 38
46, 19, -53, 15, 38
47, 18, -63, 33, 30
48, 17, -65, 35, 30
49, 16, -67, 37, 30
50, 15, -9, 9, 0
30, 36, 1, 0, -1
31, 35, 1, -2, 1
32, 34, 3, -2, -1
33, 33, -27, 14, 13
34, 32, -25, 14, 11
35, 31, -27, 16, 11
36, 30, -37, 16, 21
37, 29, -37, 14, 23
38, 28, -31, 12, 19
39, 27, -39, 14, 25
40, 26, -37, 14, 23
41, 25, -39, 16, 23
42, 24, -49, 16, 33
43, 23, -49, 14, 35
44, 22, -43, 12, 31
45, 21, -51, 14, 37
46, 20, -53, 16, 37
47, 19, -53, 14, 39
48, 18, -63, 32, 31
49, 17, -65, 34, 31
50, 16, -67, 36, 31
51, 15, -9, 8, 1
32, 35, 2, -2, 0
33, 34, 4, -2, -2
34, 33, 2, 0, -2
35, 32, -28, 16, 12
36, 31, -38, 16, 22
37, 30, -38, 14, 24
38, 29, -32, 12, 20
39, 28, -30, 12, 18
40, 27, -42, 16, 26
41, 26, -40, 16, 24
42, 25, -50, 16, 34
43, 24, -50, 14, 36
44, 23, -44, 12, 32
45, 22, -42, 12, 30
46, 21, -54, 16, 38
47, 20, -52, 16, 36
48, 19, -54, 12, 42
49, 18, -66, 34, 32
50, 17, -68, 36, 32
51, 16, -70, 38, 32
52, 15, -8, 8, 0
34, 34, 3, -1, -2
35, 33, 1, 1, -2
36, 32, 1, -1, 0
37, 31, -37, 13, 24
38, 30, -31, 11, 20
39, 29, -29, 11, 18
40, 28, -41, 15, 26
41, 27, -43, 17, 26
42, 26, -39, 13, 26
43, 25, -49, 13, 36
44, 24, -43, 11, 32
45, 23, -41, 11, 30
46, 22, -53, 15, 38
47, 21, -55, 17, 38
48, 20, -51, 13, 38
49, 19, -55, 13, 42
50, 18, -67, 35, 32
51, 17, -69, 37, 32
52, 16, -7, 7, 0
36, 33, 1, 0, -1
37, 32, 1, -2, 1
38, 31, 3, -2, -1
39, 30, -29, 12, 17
40, 29, -41, 16, 25
41, 28, -43, 18, 25
42, 27, -39, 14, 25
43, 26, -39, 12, 27
44, 25, -47, 14, 33
45, 24, -41, 12, 29
46, 23, -53, 16, 37
47, 22, -55, 18, 37
48, 21, -51, 14, 37
49, 20, -51, 12, 39
50, 19, -55, 12, 43
51, 18, -67, 34, 33
52, 17, -69, 36, 33
53, 16, -7, 6, 1
38, 32, 2, -2, 0
39, 31, 4, -2, -2
40, 30, 2, 0, -2
41, 29, -44, 18, 26
42, 28, -40, 14, 26
43, 27, -40, 12, 28
44, 26, -48, 14, 34
45, 25, -46, 14, 32
46, 24, -44, 14, 30
47, 23, -56, 18, 38
48, 22, -52, 14, 38
49, 21, -52, 12, 40
50, 20, -50, 12, 38
51, 19, -58, 14, 44
52, 18, -70, 36, 34
53, 17, -72, 38, 34
54, 16, -6, 6, 0
40, 31, 3, -1, -2
41, 30, 1, 1, -2
42, 29, 1, -1, 0
43, 28, -39, 11, 28
44, 27, -47, 13, 34
45, 26, -45, 13, 32
46, 25, -43, 13, 30
47, 24, -45, 15, 30
48, 23, -55, 15, 40
49, 22, -51, 11, 40
50, 21, -49, 11, 38
51, 20, -57, 13, 44
52, 19, -59, 15, 44
53, 18, -71, 37, 34
54, 17, -5, 5, 0
42, 30, 1, 0, -1
43, 29, 1, -2, 1
44, 28, 3, -2, -1
45, 27, -45, 14, 31
46, 26, -43, 14, 29
47, 25, -45, 16, 29
48, 24, -55, 16, 39
49, 23, -55, 14, 41
50, 22, -49, 12, 37
51, 21, -57, 14, 43
52, 20, -59, 16, 43
53, 19, -59, 14, 45
54, 18, -71, 36, 35
55, 17, -5, 4, 1
44, 29, 2, -2, 0
45, 28, 4, -2, -2
46, 27, 2, 0, -2
47, 26, -46, 16, 30
48, 25, -56, 16, 40
49, 24, -56, 14, 42
50, 23, -50, 12, 38
51, 22, -48, 12, 36
52, 21, -60, 16, 44
53, 20, -58, 16, 42
54, 19, -60, 12, 48
55, 18, -74, 38, 36
56, 17, -4, 4, 0
46, 28, 3, -1, -2
47, 27, 1, 1, -2
48, 26, 1, -1, 0
49, 25, -55, 13, 42
50, 24, -49, 11, 38
51, 23, -47, 11, 36
52, 22, -59, 15, 44
53, 21, -61, 17, 44
54, 20, -57, 13, 44
55, 19, -61, 13, 48
56, 18, -3, 3, 0
48, 27, 1, 0, -1
49, 26, 1, -2, 1
50, 25, 3, -2, -1
51, 24, -47, 12, 35
52, 23, -59, 16, 43
53, 22, -61, 18, 43
54, 21, -57, 14, 43
55, 20, -57, 12, 45
56, 19, -61, 12, 49
57, 18, -3, 2, 1
50, 26, 2, -2, 0
51, 25, 4, -2, -2
52, 24, 2, 0, -2
53, 23, -62, 18, 44
54, 22, -58, 14, 44
55, 21, -58, 12, 46
56, 20, -56, 12, 44
57, 19, -64, 14, 50
58, 18, -2, 2, 0
52, 25, 3, -1, -2
53, 24, 1, 1, -2
54, 23, 1, -1, 0
55, 22, -57, 11, 46
56, 21, -55, 11, 44
57, 20, -63, 13, 50
58, 19, -1, 1, 0
54, 24, 1, 0, -1
55, 23, 1, -2, 1
56, 22, 3, -2, -1
57, 21, -63, 14, 49
58, 20, -1, 2, -1
59, 19, -1, 0, 1
56, 23, 2, -2, 0
57, 22, 4, -2, -2
58, 21, 2, 0, -2
59, 20, 0, 2, -2
60, 19, 0, 0, 0
58, 22, 3, -1, -2
59, 21, 1, 1, -2
60, 20, 1, -1, 0
60, 21, 1, 0, -1
