0, 19, 0, 0, 0
1, 18, -2, 2, 0
2, 17, -4, 4, 0
3, 16, -6, 6, 0
4, 15, -8, 8, 0
5, 14, -10, 10, 0
6, 13, -12, 12, 0
7, 12, -14, 14, 0
8, 11, -16, 16, 0
9, 10, -18, 18, 0
10, 9, -20, 20, 0
11, 8, -22, 22, 0
12, 7, -24, 24, 0
13, 6, -26, 26, 0
14, 5, -28, 28, 0
15, 4, -30, 30, 0
16, 3, -32, 32, 0
17, 2, -34, 34, 0
18, 1, -36, 36, 0
19, 0, -38, 38, 0
0, 20, 1, -1, 0
1, 19, -1, 1, 0
2, 18, -3, 3, 0
3, 17, -5, 5, 0
4, 16, -7, 7, 0
5, 15, -9, 9, 0
6, 14, -11, 11, 0
7, 13, -13, 13, 0
8, 12, -15, 15, 0
9, 11, -17, 17, 0
10, 10, -19, 19, 0
11, 9, -21, 21, 0
12, 8, -23, 23, 0
13, 7, -25, 25, 0
14, 6, -27, 27, 0
15, 5, -29, 29, 0
16, 4, -31, 31, 0
17, 3, -33, 33, 0
18, 2, -35, 35, 0
19, 1, -37, 37, 0
20, 0, -39, 39, 0
0, 21, 1, 0, -1
1, 20, 1, -2, 1
2, 19, -1, 0, 1
3, 18, -3, 2, 1
4, 17, -5, 4, 1
5, 16, -7, 6, 1
6, 15, -9, 8, 1
7, 14, -11, 10, 1
8, 13, -13, 12, 1
9, 12, -15, 14, 1
10, 11, -17, 16, 1
11, 10, -19, 18, 1
12, 9, -21, 20, 1
13, 8, -23, 22, 1
14, 7, -25, 24, 1
15, 6, -27, 26, 1
16, 5, -29, 28, 1
17, 4, -31, 30, 1
18, 3, -33, 32, 1
19, 2, -35, 34, 1
20, 1, -37, 36, 1
21, 0, -39, 38, 1
1, 21, 2, 0, -2
2, 20, 2, -2, 0
3, 19, 0, 0, 0
4, 18, -2, 2, 0
5, 17, -4, 4, 0
6, 16, -6, 6, 0
7, 15, -8, 8, 0
8, 14, -10, 10, 0
9, 13, -12, 12, 0
10, 12, -14, 14, 0
11, 11, -16, 16, 0
12, 10, -18, 18, 0
13, 9, -20, 20, 0
14, 8, -22, 22, 0
15, 7, -24, 24, 0
16, 6, -26, 26, 0
17, 5, -28, 28, 0
18, 4, -30, 30, 0
19, 3, -32, 32, 0
20, 2, -34, 34, 0
21, 1, -36, 36, 0
22, 0, -38, 38, 0
1, 22, 3, -1, -2
2, 21, 1, 1, -2
3, 20, 1, -1, 0
4, 19, -1, 1, 0
5, 18, -3, 3, 0
6, 17, -5, 5, 0
7, 16, -7, 7, 0
8, 15, -9, 9, 0
9, 14, -11, 11, 0
10, 13, -13, 13, 0
11, 12, -15, 15, 0
12, 11, -17, 17, 0
13, 10, -19, 19, 0
14, 9, -21, 21, 0
15, 8, -23, 23, 0
16, 7, -25, 25, 0
17, 6, -27, 27, 0
18, 5, -29, 29, 0
19, 4, -31, 31, 0
20, 3, -33, 33, 0
21, 2, -35, 35, 0
22, 1, -37, 37, 0
2, 22, 3, -2, -1
3, 21, 1, 0, -1
4, 20, 1, -2, 1
5, 19, -1, 0, 1
6, 18, -3, 2, 1
7, 17, -5, 4, 1
8, 16, -7, 6, 1
9, 15, -9, 8, 1
10, 14, -11, 10, 1
11, 13, -13, 12, 1
12, 12, -15, 14, 1
13, 11, -17, 16, 1
14, 10, -19, 18, 1
15, 9, -21, 20, 1
16, 8, -23, 22, 1
17, 7, -25, 24, 1
18, 6, -27, 26, 1
19, 5, -29, 28, 1
20, 4, -31, 30, 1
21, 3, -33, 32, 1
22, 2, -35, 34, 1
23, 1, -37, 36, 1
2, 23, 2, -2, 0
3, 22, 0, 0, 0
4, 21, 0, -2, 2
5, 20, -2, 0, 2
6, 19, -4, 2, 2
7, 18, -6, 4, 2
8, 17, -8, 6, 2
9, 16, -10, 8, 2
10, 15, -12, 10, 2
11, 14, -14, 12, 2
12, 13, -16, 14, 2
13, 12, -18, 16, 2
14, 11, -20, 18, 2
15, 10, -22, 20, 2
16, 9, -24, 22, 2
17, 8, -26, 24, 2
18, 7, -28, 26, 2
19, 6, -30, 28, 2
20, 5, -32, 30, 2
21, 4, -30, 30, 0
22, 3, -32, 32, 0
23, 2, -34, 34, 0
24, 1, -36, 36, 0
3, 23, 1, -1, 0
4, 22, 1, -3, 2
5, 21, -1, -1, 2
6, 20, -3, 1, 2
7, 19, -5, 3, 2
8, 18, -7, 5, 2
9, 17, -9, 7, 2
10, 16, -11, 9, 2
11, 15, -13, 11, 2
12, 14, -15, 13, 2
13, 13, -17, 15, 2
14, 12, -19, 17, 2
15, 11, -21, 19, 2
16, 10, -23, 21, 2
17, 9, -25, 23, 2
18, 8, -27, 25, 2
19, 7, -29, 27, 2
20, 6, -31, 29, 2
21, 5, -29, 29, 0
22, 4, -31, 31, 0
23, 3, -33, 33, 0
24, 2, -35, 35, 0
3, 24, 1, 0, -1
4, 23, 1, -2, 1
5, 22, -1, 0, 1
6, 21, -3, 2, 1
7, 20, -5, 4, 1
8, 19, -7, 6, 1
9, 18, -7, 4, 3
10, 17, -9, 6, 3
11, 16, -11, 8, 3
12, 15, -13, 10, 3
13, 14, -15, 12, 3
14, 13, -17, 14, 3
15, 12, -19, 16, 3
16, 11, -21, 18, 3
17, 10, -23, 20, 3
18, 9, -25, 22, 3
19, 8, -27, 24, 3
20, 7, -29, 26, 3
21, 6, -31, 28, 3
22, 5, -29, 28, 1
23, 4, -31, 30, 1
24, 3, -33, 32, 1
25, 2, -35, 34, 1
4, 24, 2, 0, -2
5, 23, 2, -2, 0
6, 22, 0, 0, 0
7, 21, -2, 2, 0
8, 20, -4, 4, 0
9, 19, -6, 6, 0
10, 18, -6, 4, 2
11, 17, -8, 6, 2
12, 16, -10, 8, 2
13, 15, -12, 10, 2
14, 14, -14, 12, 2
15, 13, -16, 14, 2
16, 12, -18, 16, 2
17, 11, -20, 18, 2
18, 10, -22, 20, 2
19, 9, -24, 22, 2
20, 8, -26, 24, 2
21, 7, -28, 26, 2
22, 6, -30, 28, 2
23, 5, -28, 28, 0
24, 4, -30, 30, 0
25, 3, -32, 32, 0
26, 2, -34, 34, 0
4, 25, 3, -1, -2
5, 24, 1, 1, -2
6, 23, 1, -1, 0
7, 22, -1, 1, 0
8, 21, -3, 3, 0
9, 20, -5, 5, 0
10, 19, -5, 3, 2
11, 18, -7, 5, 2
12, 17, -9, 7, 2
13, 16, -11, 9, 2
14, 15, -13, 11, 2
15, 14, -15, 13, 2
16, 13, -17, 15, 2
17, 12, -19, 17, 2
18, 11, -21, 19, 2
19, 10, -23, 21, 2
20, 9, -25, 23, 2
21, 8, -27, 25, 2
22, 7, -29, 27, 2
23, 6, -27, 27, 0
24, 5, -29, 29, 0
25, 4, -31, 31, 0
26, 3, -33, 33, 0
5, 25, 3, -2, -1
6, 24, 1, 0, -1
7, 23, -1, 2, -1
8, 22, -1, 0, 1
9, 21, -3, 2, 1
10, 20, -5, 4, 1
11, 19, -5, 2, 3
12, 18, -7, 4, 3
13, 17, -9, 6, 3
14, 16, -11, 8, 3
15, 15, -13, 10, 3
16, 14, -15, 12, 3
17, 13, -17, 14, 3
18, 12, -19, 16, 3
19, 11, -21, 18, 3
20, 10, -23, 20, 3
21, 9, -25, 22, 3
22, 8, -27, 24, 3
23, 7, -29, 26, 3
24, 6, -27, 26, 1
25, 5, -29, 28, 1
26, 4, -31, 30, 1
27, 3, -33, 32, 1
5, 26, 2, -2, 0
6, 25, 0, 0, 0
7, 24, -2, 2, 0
8, 23, -2, 0, 2
9, 22, 0, 0, 0
10, 21, -2, 2, 0
11, 20, -4, 4, 0
12, 19, -4, 2, 2
13, 18, -6, 4, 2
14, 17, -8, 6, 2
15, 16, -10, 8, 2
16, 15, -12, 10, 2
17, 14, -14, 12, 2
18, 13, -16, 14, 2
19, 12, -18, 16, 2
20, 11, -20, 18, 2
21, 10, -22, 20, 2
22, 9, -24, 22, 2
23, 8, -26, 24, 2
24, 7, -28, 26, 2
25, 6, -30, 28, 2
26, 5, -28, 28, 0
27, 4, -30, 30, 0
28, 3, -32, 32, 0
6, 26, 1, -1, 0
7, 25, -1, 1, 0
8, 24, -1, -1, 2
9, 23, -3, 1, 2
10, 22, -1, 1, 0
11, 21, -3, 3, 0
12, 20, -5, 5, 0
13, 19, -5, 3, 2
14, 18, -7, 5, 2
15, 17, -9, 7, 2
16, 16, -11, 9, 2
17, 15, -13, 11, 2
18, 14, -15, 13, 2
19, 13, -17, 15, 2
20, 12, -19, 17, 2
21, 11, -21, 19, 2
22, 10, -23, 21, 2
23, 9, -25, 23, 2
24, 8, -27, 25, 2
25, 7, -29, 27, 2
26, 6, -27, 27, 0
27, 5, -29, 29, 0
28, 4, -31, 31, 0
6, 27, 1, 0, -1
7, 26, -1, 2, -1
8, 25, -1, 0, 1
9, 24, -3, 2, 1
10, 23, -1, 2, -1
11, 22, -3, 4, -1
12, 21, -3, 2, 1
13, 20, -5, 4, 1
14, 19, -7, 6, 1
15, 18, -9, 8, 1
16, 17, -9, 6, 3
17, 16, -11, 8, 3
18, 15, -13, 10, 3
19, 14, -15, 12, 3
20, 13, -17, 14, 3
21, 12, -19, 16, 3
22, 11, -21, 18, 3
23, 10, -23, 20, 3
24, 9, -25, 22, 3
25, 8, -27, 24, 3
26, 7, -29, 26, 3
27, 6, -27, 26, 1
28, 5, -29, 28, 1
29, 4, -31, 30, 1
7, 27, 2, 0, -2
8, 26, 0, 2, -2
9, 25, 0, 0, 0
10, 24, -2, 2, 0
11, 23, -4, 4, 0
12, 22, -4, 2, 2
13, 21, -6, 4, 2
14, 20, -8, 6, 2
15, 19, -10, 8, 2
16, 18, -10, 6, 4
17, 17, -12, 8, 4
18, 16, -10, 8, 2
19, 15, -12, 10, 2
20, 14, -14, 12, 2
21, 13, -16, 14, 2
22, 12, -18, 16, 2
23, 11, -20, 18, 2
24, 10, -22, 20, 2
25, 9, -24, 22, 2
26, 8, -26, 24, 2
27, 7, -28, 26, 2
28, 6, -26, 26, 0
29, 5, -28, 28, 0
30, 4, -30, 30, 0
7, 28, 3, -1, -2
8, 27, 1, 1, -2
9, 26, -1, 3, -2
10, 25, -1, 1, 0
11, 24, -3, 3, 0
12, 23, -3, 1, 2
13, 22, -5, 3, 2
14, 21, -7, 5, 2
15, 20, -9, 7, 2
16, 19, -9, 5, 4
17, 18, -11, 7, 4
18, 17, -13, 9, 4
19, 16, -11, 9, 2
20, 15, -13, 11, 2
21, 14, -15, 13, 2
22, 13, -17, 15, 2
23, 12, -19, 17, 2
24, 11, -21, 19, 2
25, 10, -23, 21, 2
26, 9, -25, 23, 2
27, 8, -27, 25, 2
28, 7, -25, 25, 0
29, 6, -27, 27, 0
30, 5, -29, 29, 0
8, 28, 3, -2, -1
9, 27, 1, 0, -1
10, 26, -1, 2, -1
11, 25, -1, 0, 1
12, 24, -3, 2, 1
13, 23, -3, 0, 3
14, 22, -5, 2, 3
15, 21, -7, 4, 3
16, 20, -9, 6, 3
17, 19, -9, 4, 5
18, 18, -11, 6, 5
19, 17, -13, 8, 5
20, 16, -11, 8, 3
21, 15, -13, 10, 3
22, 14, -15, 12, 3
23, 13, -17, 14, 3
24, 12, -19, 16, 3
25, 11, -21, 18, 3
26, 10, -23, 20, 3
27, 9, -25, 22, 3
28, 8, -27, 24, 3
29, 7, -25, 24, 1
30, 6, -27, 26, 1
31, 5, -29, 28, 1
8, 29, 2, -2, 0
9, 28, 0, 0, 0
10, 27, -2, 2, 0
11, 26, -2, 0, 2
12, 25, -4, 2, 2
13, 24, -4, 0, 4
14, 23, -6, 2, 4
15, 22, -8, 4, 4
16, 21, -10, 6, 4
17, 20, -10, 4, 6
18, 19, -8, 4, 4
19, 18, -10, 6, 4
20, 17, -12, 8, 4
21, 16, -10, 8, 2
22, 15, -12, 10, 2
23, 14, -14, 12, 2
24, 13, -16, 14, 2
25, 12, -18, 16, 2
26, 11, -20, 18, 2
27, 10, -22, 20, 2
28, 9, -24, 22, 2
29, 8, -26, 24, 2
30, 7, -24, 24, 0
31, 6, -26, 26, 0
32, 5, -28, 28, 0
9, 29, 1, -1, 0
10, 28, -1, 1, 0
11, 27, -1, -1, 2
12, 26, -3, 1, 2
13, 25, -5, 3, 2
14, 24, -5, 1, 4
15, 23, -7, 3, 4
16, 22, -9, 5, 4
17, 21, -9, 3, 6
18, 20, -7, 3, 4
19, 19, -9, 5, 4
20, 18, -11, 7, 4
21, 17, -13, 9, 4
22, 16, -11, 9, 2
23, 15, -13, 11, 2
24, 14, -15, 13, 2
25, 13, -17, 15, 2
26, 12, -19, 17, 2
27, 11, -21, 19, 2
28, 10, -23, 21, 2
29, 9, -25, 23, 2
30, 8, -23, 23, 0
31, 7, -25, 25, 0
32, 6, -27, 27, 0
9, 30, 1, 0, -1
10, 29, 1, -2, 1
11, 28, -1, 0, 1
12, 27, -1, -2, 3
13, 26, -3, 0, 3
14, 25, -5, 2, 3
15, 24, -5, 0, 5
16, 23, -7, 2, 5
17, 22, -9, 4, 5
18, 21, -7, 4, 3
19, 20, -7, 2, 5
20, 19, -9, 4, 5
21, 18, -11, 6, 5
22, 17, -13, 8, 5
23, 16, -11, 8, 3
24, 15, -13, 10, 3
25, 14, -15, 12, 3
26, 13, -17, 14, 3
27, 12, -19, 16, 3
28, 11, -21, 18, 3
29, 10, -23, 20, 3
30, 9, -25, 22, 3
31, 8, -23, 22, 1
32, 7, -25, 24, 1
33, 6, -27, 26, 1
10, 30, 2, 0, -2
11, 29, 2, -2, 0
12, 28, 0, 0, 0
13, 27, 0, -2, 2
14, 26, -2, 0, 2
15, 25, -4, 2, 2
16, 24, -4, 0, 4
17, 23, -6, 2, 4
18, 22, -8, 4, 4
19, 21, -8, 2, 6
20, 20, -6, 2, 4
21, 19, -8, 4, 4
22, 18, -10, 6, 4
23, 17, -12, 8, 4
24, 16, -10, 8, 2
25, 15, -12, 10, 2
26, 14, -14, 12, 2
27, 13, -16, 14, 2
28, 12, -18, 16, 2
29, 11, -20, 18, 2
30, 10, -22, 20, 2
31, 9, -24, 22, 2
32, 8, -22, 22, 0
33, 7, -24, 24, 0
34, 6, -26, 26, 0
10, 31, 3, -1, -2
11, 30, 3, -3, 0
12, 29, 1, -1, 0
13, 28, -1, 1, 0
14, 27, -1, -1, 2
15, 26, -3, 1, 2
16, 25, -3, -1, 4
17, 24, -5, 1, 4
18, 23, -7, 3, 4
19, 22, -7, 1, 6
20, 21, -5, 1, 4
21, 20, -7, 3, 4
22, 19, -9, 5, 4
23, 18, -11, 7, 4
24, 17, -9, 7, 2
25, 16, -11, 9, 2
26, 15, -13, 11, 2
27, 14, -15, 13, 2
28, 13, -17, 15, 2
29, 12, -19, 17, 2
30, 11, -21, 19, 2
31, 10, -23, 21, 2
32, 9, -21, 21, 0
33, 8, -23, 23, 0
34, 7, -25, 25, 0
11, 31, 3, -2, -1
12, 30, 3, -4, 1
13, 29, 1, -2, 1
14, 28, -1, 0, 1
15, 27, -1, -2, 3
16, 26, -3, 0, 3
17, 25, -3, -2, 5
18, 24, -5, 0, 5
19, 23, -7, 2, 5
20, 22, -5, 2, 3
21, 21, -5, 0, 5
22, 20, -7, 2, 5
23, 19, -9, 4, 5
24, 18, -11, 6, 5
25, 17, -9, 6, 3
26, 16, -11, 8, 3
27, 15, -13, 10, 3
28, 14, -15, 12, 3
29, 13, -17, 14, 3
30, 12, -19, 16, 3
31, 11, -21, 18, 3
32, 10, -23, 20, 3
33, 9, -21, 20, 1
34, 8, -23, 22, 1
35, 7, -25, 24, 1
11, 32, 2, -2, 0
12, 31, 2, -4, 2
13, 30, 0, -2, 2
14, 29, -2, 0, 2
15, 28, -2, -2, 4
16, 27, 0, -2, 2
17, 26, -2, 0, 2
18, 25, -2, -2, 4
19, 24, -4, 0, 4
20, 23, -6, 2, 4
21, 22, -6, 0, 6
22, 21, -8, 2, 6
23, 20, -10, 4, 6
24, 19, -8, 4, 4
25, 18, -10, 6, 4
26, 17, -8, 6, 2
27, 16, -10, 8, 2
28, 15, -12, 10, 2
29, 14, -14, 12, 2
30, 13, -16, 14, 2
31, 12, -18, 16, 2
32, 11, -20, 18, 2
33, 10, -22, 20, 2
34, 9, -20, 20, 0
35, 8, -22, 22, 0
36, 7, -24, 24, 0
12, 32, 1, -1, 0
13, 31, 1, -3, 2
14, 30, -1, -1, 2
15, 29, -1, -3, 4
16, 28, 1, -3, 2
17, 27, -1, -1, 2
18, 26, -1, -3, 4
19, 25, -3, -1, 4
20, 24, -5, 1, 4
21, 23, -5, -1, 6
22, 22, -7, 1, 6
23, 21, -9, 3, 6
24, 20, -7, 3, 4
25, 19, -9, 5, 4
26, 18, -7, 5, 2
27, 17, -9, 7, 2
28, 16, -11, 9, 2
29, 15, -13, 11, 2
30, 14, -15, 13, 2
31, 13, -17, 15, 2
32, 12, -19, 17, 2
33, 11, -21, 19, 2
34, 10, -19, 19, 0
35, 9, -21, 21, 0
36, 8, -23, 23, 0
12, 33, 1, 0, -1
13, 32, 1, -2, 1
14, 31, 1, -4, 3
15, 30, -1, -2, 3
16, 29, 1, -2, 1
17, 28, -1, 0, 1
18, 27, -1, -2, 3
19, 26, -1, -4, 5
20, 25, -3, -2, 5
21, 24, -5, 0, 5
22, 23, -5, -2, 7
23, 22, -7, 0, 7
24, 21, -9, 2, 7
25, 20, -7, 2, 5
26, 19, -9, 4, 5
27, 18, -7, 4, 3
28, 17, -9, 6, 3
29, 16, -11, 8, 3
30, 15, -13, 10, 3
31, 14, -15, 12, 3
32, 13, -17, 14, 3
33, 12, -19, 16, 3
34, 11, -21, 18, 3
35, 10, -19, 18, 1
36, 9, -21, 20, 1
37, 8, -23, 22, 1
13, 33, 2, 0, -2
14, 32, 2, -2, 0
15, 31, 2, -4, 2
16, 30, 0, -2, 2
17, 29, 2, -2, 0
18, 28, 0, 0, 0
19, 27, 0, -2, 2
20, 26, 0, -4, 4
21, 25, -2, -2, 4
22, 24, -4, 0, 4
23, 23, -4, -2, 6
24, 22, -6, 0, 6
25, 21, -8, 2, 6
26, 20, -6, 2, 4
27, 19, -8, 4, 4
28, 18, -6, 4, 2
29, 17, -8, 6, 2
30, 16, -10, 8, 2
31, 15, -12, 10, 2
32, 14, -14, 12, 2
33, 13, -16, 14, 2
34, 12, -18, 16, 2
35, 11, -20, 18, 2
36, 10, -18, 18, 0
37, 9, -20, 20, 0
38, 8, -22, 22, 0
13, 34, 3, -1, -2
14, 33, 1, 1, -2
15, 32, 1, -1, 0
16, 31, 1, -3, 2
17, 30, 3, -3, 0
18, 29, 1, -1, 0
19, 28, 1, -3, 2
20, 27, 1, -5, 4
21, 26, -1, -3, 4
22, 25, -3, -1, 4
23, 24, -3, -3, 6
24, 23, -5, -1, 6
25, 22, -7, 1, 6
26, 21, -5, 1, 4
27, 20, -7, 3, 4
28, 19, -5, 3, 2
29, 18, -7, 5, 2
30, 17, -9, 7, 2
31, 16, -11, 9, 2
32, 15, -13, 11, 2
33, 14, -15, 13, 2
34, 13, -17, 15, 2
35, 12, -19, 17, 2
36, 11, -17, 17, 0
37, 10, -19, 19, 0
38, 9, -21, 21, 0
14, 34, 3, -2, -1
15, 33, 1, 0, -1
16, 32, 1, -2, 1
17, 31, 3, -2, -1
18, 30, 1, 0, -1
19, 29, 1, -2, 1
20, 28, 1, -4, 3
21, 27, -1, -2, 3
22, 26, -1, -4, 5
23, 25, -3, -2, 5
24, 24, -5, 0, 5
25, 23, -5, -2, 7
26, 22, -7, 0, 7
27, 21, -5, 0, 5
28, 20, -7, 2, 5
29, 19, -5, 2, 3
30, 18, -7, 4, 3
31, 17, -9, 6, 3
32, 16, -11, 8, 3
33, 15, -13, 10, 3
34, 14, -15, 12, 3
35, 13, -17, 14, 3
36, 12, -19, 16, 3
37, 11, -17, 16, 1
38, 10, -19, 18, 1
39, 9, -21, 20, 1
14, 35, 2, -2, 0
15, 34, 0, 0, 0
16, 33, 2, 0, -2
17, 32, 2, -2, 0
18, 31, 0, 0, 0
19, 30, 0, -2, 2
20, 29, 0, -4, 4
21, 28, 2, -4, 2
22, 27, 0, -2, 2
23, 26, 0, -4, 4
24, 25, -2, -2, 4
25, 24, -4, 0, 4
26, 23, -4, -2, 6
27, 22, -6, 0, 6
28, 21, -4, 0, 4
29, 20, -6, 2, 4
30, 19, -4, 2, 2
31, 18, -6, 4, 2
32, 17, -8, 6, 2
33, 16, -10, 8, 2
34, 15, -12, 10, 2
35, 14, -14, 12, 2
36, 13, -16, 14, 2
37, 12, -18, 16, 2
38, 11, -16, 16, 0
39, 10, -18, 18, 0
40, 9, -20, 20, 0
15, 35, 1, -1, 0
16, 34, 3, -1, -2
17, 33, 3, -3, 0
18, 32, 1, -1, 0
19, 31, 1, -3, 2
20, 30, 1, -5, 4
21, 29, 3, -5, 2
22, 28, 1, -3, 2
23, 27, 1, -5, 4
24, 26, -1, -3, 4
25, 25, -3, -1, 4
26, 24, -3, -3, 6
27, 23, -5, -1, 6
28, 22, -3, -1, 4
29, 21, -5, 1, 4
30, 20, -3, 1, 2
31, 19, -5, 3, 2
32, 18, -7, 5, 2
33, 17, -9, 7, 2
34, 16, -11, 9, 2
35, 15, -13, 11, 2
36, 14, -15, 13, 2
37, 13, -17, 15, 2
38, 12, -15, 15, 0
39, 11, -17, 17, 0
40, 10, -19, 19, 0
15, 36, 1, 0, -1
16, 35, 3, 0, -3
17, 34, 3, -2, -1
18, 33, 3, -4, 1
19, 32, 1, -2, 1
20, 31, 1, -4, 3
21, 30, 3, -4, 1
22, 29, 3, -6, 3
23, 28, 1, -4, 3
24, 27, 1, -6, 5
25, 26, -1, -4, 5
26, 25, -3, -2, 5
27, 24, -3, -4, 7
28, 23, -5, -2, 7
29, 22, -3, -2, 5
30, 21, -5, 0, 5
31, 20, -3, 0, 3
32, 19, -5, 2, 3
33, 18, -7, 4, 3
34, 17, -9, 6, 3
35, 16, -11, 8, 3
36, 15, -13, 10, 3
37, 14, -15, 12, 3
38, 13, -17, 14, 3
39, 12, -15, 14, 1
40, 11, -17, 16, 1
41, 10, -19, 18, 1
16, 36, 2, 0, -2
17, 35, 2, -2, 0
18, 34, 2, -4, 2
19, 33, 4, -4, 0
20, 32, 2, -2, 0
21, 31, 2, -4, 2
22, 30, 4, -4, 0
23, 29, 4, -6, 2
24, 28, 2, -4, 2
25, 27, 2, -6, 4
26, 26, 0, -4, 4
27, 25, -2, -2, 4
28, 24, -2, -4, 6
29, 23, -4, -2, 6
30, 22, -2, -2, 4
31, 21, -4, 0, 4
32, 20, -2, 0, 2
33, 19, -4, 2, 2
34, 18, -6, 4, 2
35, 17, -8, 6, 2
36, 16, -10, 8, 2
37, 15, -12, 10, 2
38, 14, -14, 12, 2
39, 13, -16, 14, 2
40, 12, -14, 14, 0
41, 11, -16, 16, 0
42, 10, -18, 18, 0
16, 37, 3, -1, -2
17, 36, 3, -3, 0
18, 35, 3, -5, 2
19, 34, 1, -3, 2
20, 33, 3, -3, 0
21, 32, 3, -5, 2
22, 31, 1, -3, 2
23, 30, 3, -3, 0
24, 29, 3, -5, 2
25, 28, 3, -7, 4
26, 27, 1, -5, 4
27, 26, -1, -3, 4
28, 25, -1, -5, 6
29, 24, -3, -3, 6
30, 23, -1, -3, 4
31, 22, -3, -1, 4
32, 21, -1, -1, 2
33, 20, -3, 1, 2
34, 19, -5, 3, 2
35, 18, -7, 5, 2
36, 17, -9, 7, 2
37, 16, -11, 9, 2
38, 15, -13, 11, 2
39, 14, -15, 13, 2
40, 13, -13, 13, 0
41, 12, -15, 15, 0
42, 11, -17, 17, 0
17, 37, 3, -2, -1
18, 36, 3, -4, 1
19, 35, 1, -2, 1
20, 34, 3, -2, -1
21, 33, 3, -4, 1
22, 32, 1, -2, 1
23, 31, 1, -4, 3
24, 30, 3, -4, 1
25, 29, 3, -6, 3
26, 28, 3, -8, 5
27, 27, 1, -6, 5
28, 26, -1, -4, 5
29, 25, -3, -2, 5
30, 24, -3, -4, 7
31, 23, -1, -4, 5
32, 22, -3, -2, 5
33, 21, -1, -2, 3
34, 20, -3, 0, 3
35, 19, -5, 2, 3
36, 18, -7, 4, 3
37, 17, -9, 6, 3
38, 16, -11, 8, 3
39, 15, -13, 10, 3
40, 14, -15, 12, 3
41, 13, -13, 12, 1
42, 12, -15, 14, 1
43, 11, -17, 16, 1
17, 38, 2, -2, 0
18, 37, 4, -2, -2
19, 36, 4, -4, 0
20, 35, 2, -2, 0
21, 34, 4, -2, -2
22, 33, 4, -4, 0
23, 32, 2, -2, 0
24, 31, 2, -4, 2
25, 30, 4, -4, 0
26, 29, 4, -6, 2
27, 28, 4, -8, 4
28, 27, 2, -6, 4
29, 26, 0, -4, 4
30, 25, -2, -2, 4
31, 24, -2, -4, 6
32, 23, 0, -4, 4
33, 22, -2, -2, 4
34, 21, 0, -2, 2
35, 20, -2, 0, 2
36, 19, -4, 2, 2
37, 18, -6, 4, 2
38, 17, -8, 6, 2
39, 16, -10, 8, 2
40, 15, -12, 10, 2
41, 14, -14, 12, 2
42, 13, -12, 12, 0
43, 12, -14, 14, 0
44, 11, -16, 16, 0
18, 38, 1, -1, 0
19, 37, 3, -1, -2
20, 36, 3, -3, 0
21, 35, 1, -1, 0
22, 34, 3, -1, -2
23, 33, 3, -3, 0
24, 32, 3, -5, 2
25, 31, 1, -3, 2
26, 30, 3, -3, 0
27, 29, 3, -5, 2
28, 28, 3, -7, 4
29, 27, 1, -5, 4
30, 26, -1, -3, 4
31, 25, -1, -5, 6
32, 24, -3, -3, 6
33, 23, -1, -3, 4
34, 22, 1, -3, 2
35, 21, -1, -1, 2
36, 20, -3, 1, 2
37, 19, -5, 3, 2
38, 18, -7, 5, 2
39, 17, -9, 7, 2
40, 16, -11, 9, 2
41, 15, -13, 11, 2
42, 14, -11, 11, 0
43, 13, -13, 13, 0
44, 12, -15, 15, 0
18, 39, 1, 0, -1
19, 38, 1, -2, 1
20, 37, 3, -2, -1
21, 36, 1, 0, -1
22, 35, 1, -2, 1
23, 34, 3, -2, -1
24, 33, 3, -4, 1
25, 32, 1, -2, 1
26, 31, 3, -2, -1
27, 30, 3, -4, 1
28, 29, 3, -6, 3
29, 28, 1, -4, 3
30, 27, -1, -2, 3
31, 26, -1, -4, 5
32, 25, -3, -2, 5
33, 24, -1, -2, 3
34, 23, -1, -4, 5
35, 22, 1, -4, 3
36, 21, -1, -2, 3
37, 20, -3, 0, 3
38, 19, -5, 2, 3
39, 18, -7, 4, 3
40, 17, -9, 6, 3
41, 16, -11, 8, 3
42, 15, -13, 10, 3
43, 14, -11, 10, 1
44, 13, -13, 12, 1
45, 12, -15, 14, 1
19, 39, 2, 0, -2
20, 38, 2, -2, 0
21, 37, 4, -2, -2
22, 36, 2, 0, -2
23, 35, 2, -2, 0
24, 34, 4, -2, -2
25, 33, 4, -4, 0
26, 32, 2, -2, 0
27, 31, 2, -4, 2
28, 30, 4, -4, 0
29, 29, 4, -6, 2
30, 28, 2, -4, 2
31, 27, 0, -2, 2
32, 26, 0, -4, 4
33, 25, -2, -2, 4
34, 24, 0, -2, 2
35, 23, 0, -4, 4
36, 22, 2, -4, 2
37, 21, 0, -2, 2
38, 20, -2, 0, 2
39, 19, -4, 2, 2
40, 18, -6, 4, 2
41, 17, -8, 6, 2
42, 16, -10, 8, 2
43, 15, -12, 10, 2
44, 14, -10, 10, 0
45, 13, -12, 12, 0
46, 12, -14, 14, 0
19, 40, 3, -1, -2
20, 39, 3, -3, 0
21, 38, 1, -1, 0
22, 37, 3, -1, -2
23, 36, 3, -3, 0
24, 35, 5, -3, -2
25, 34, 5, -5, 0
26, 33, 3, -3, 0
27, 32, 1, -1, 0
28, 31, 1, -3, 2
29, 30, 3, -3, 0
30, 29, 3, -5, 2
31, 28, 1, -3, 2
32, 27, 1, -5, 4
33, 26, -1, -3, 4
34, 25, 1, -3, 2
35, 24, 1, -5, 4
36, 23, 3, -5, 2
37, 22, 1, -3, 2
38, 21, -1, -1, 2
39, 20, -3, 1, 2
40, 19, -5, 3, 2
41, 18, -7, 5, 2
42, 17, -9, 7, 2
43, 16, -11, 9, 2
44, 15, -9, 9, 0
45, 14, -11, 11, 0
46, 13, -13, 13, 0
20, 40, 3, -2, -1
21, 39, 1, 0, -1
22, 38, 3, 0, -3
23, 37, 3, -2, -1
24, 36, 5, -2, -3
25, 35, 5, -4, -1
26, 34, 3, -2, -1
27, 33, 1, 0, -1
28, 32, 1, -2, 1
29, 31, 3, -2, -1
30, 30, 3, -4, 1
31, 29, 1, -2, 1
32, 28, 1, -4, 3
33, 27, 1, -6, 5
34, 26, -1, -4, 5
35, 25, 1, -4, 3
36, 24, 1, -6, 5
37, 23, 3, -6, 3
38, 22, 1, -4, 3
39, 21, -1, -2, 3
40, 20, -3, 0, 3
41, 19, -5, 2, 3
42, 18, -7, 4, 3
43, 17, -9, 6, 3
44, 16, -11, 8, 3
45, 15, -9, 8, 1
46, 14, -11, 10, 1
47, 13, -13, 12, 1
21, 40, 4, -2, -2
22, 39, 2, 0, -2
23, 38, 2, -2, 0
24, 37, 4, -2, -2
25, 36, 4, -4, 0
26, 35, 2, -2, 0
27, 34, 4, -2, -2
28, 33, 2, 0, -2
29, 32, 2, -2, 0
30, 31, 2, -4, 2
31, 30, 4, -4, 0
32, 29, 2, -2, 0
33, 28, 2, -4, 2
34, 27, 2, -6, 4
35, 26, 0, -4, 4
36, 25, 2, -4, 2
37, 24, 2, -6, 4
38, 23, 4, -6, 2
39, 22, 2, -4, 2
40, 21, 0, -2, 2
41, 20, -2, 0, 2
42, 19, -4, 2, 2
43, 18, -6, 4, 2
44, 17, -8, 6, 2
45, 16, -10, 8, 2
46, 15, -8, 8, 0
47, 14, -10, 10, 0
48, 13, -12, 12, 0
22, 40, 3, -1, -2
23, 39, 1, 1, -2
24, 38, 1, -1, 0
25, 37, 3, -1, -2
26, 36, 3, -3, 0
27, 35, 1, -1, 0
28, 34, 3, -1, -2
29, 33, 3, -3, 0
30, 32, 1, -1, 0
31, 31, 1, -3, 2
32, 30, 3, -3, 0
33, 29, 1, -1, 0
34, 28, 1, -3, 2
35, 27, 1, -5, 4
36, 26, 3, -5, 2
37, 25, 1, -3, 2
38, 24, 1, -5, 4
39, 23, 3, -5, 2
40, 22, 1, -3, 2
41, 21, -1, -1, 2
42, 20, -3, 1, 2
43, 19, -5, 3, 2
44, 18, -7, 5, 2
45, 17, -9, 7, 2
46, 16, -7, 7, 0
47, 15, -9, 9, 0
48, 14, -11, 11, 0
24, 39, 1, 0, -1
25, 38, 1, -2, 1
26, 37, 3, -2, -1
27, 36, 1, 0, -1
28, 35, 3, 0, -3
29, 34, 3, -2, -1
30, 33, 1, 0, -1
31, 32, 1, -2, 1
32, 31, 3, -2, -1
33, 30, 3, -4, 1
34, 29, 1, -2, 1
35, 28, 1, -4, 3
36, 27, 3, -4, 1
37, 26, 1, -2, 1
38, 25, 1, -4, 3
39, 24, 1, -6, 5
40, 23, 3, -6, 3
41, 22, 1, -4, 3
42, 21, -1, -2, 3
43, 20, -3, 0, 3
44, 19, -5, 2, 3
45, 18, -7, 4, 3
46, 17, -9, 6, 3
47, 16, -7, 6, 1
48, 15, -9, 8, 1
49, 14, -11, 10, 1
26, 38, 2, -2, 0
27, 37, 4, -2, -2
28, 36, 2, 0, -2
29, 35, 2, -2, 0
30, 34, 0, 0, 0
31, 33, 0, -2, 2
32, 32, 2, -2, 0
33, 31, 2, -4, 2
34, 30, 4, -4, 0
35, 29, 2, -2, 0
36, 28, 2, -4, 2
37, 27, 0, -2, 2
38, 26, 2, -2, 0
39, 25, 2, -4, 2
40, 24, 2, -6, 4
41, 23, 0, -4, 4
42, 22, 2, -4, 2
43, 21, 0, -2, 2
44, 20, -2, 0, 2
45, 19, -4, 2, 2
46, 18, -6, 4, 2
47, 17, -8, 6, 2
48, 16, -6, 6, 0
49, 15, -8, 8, 0
50, 14, -10, 10, 0
28, 37, 3, -1, -2
29, 36, 1, 1, -2
30, 35, 1, -1, 0
31, 34, 1, -3, 2
32, 33, 3, -3, 0
33, 32, 1, -1, 0
34, 31, 1, -3, 2
35, 30, 3, -3, 0
36, 29, 3, -5, 2
37, 28, 1, -3, 2
38, 27, 3, -3, 0
39, 26, 1, -1, 0
40, 25, 1, -3, 2
41, 24, 1, -5, 4
42, 23, -1, -3, 4
43, 22, 1, -3, 2
44, 21, -1, -1, 2
45, 20, -3, 1, 2
46, 19, -5, 3, 2
47, 18, -7, 5, 2
48, 17, -5, 5, 0
49, 16, -7, 7, 0
50, 15, -9, 9, 0
30, 36, 1, 0, -1
31, 35, 1, -2, 1
32, 34, 3, -2, -1
33, 33, 1, 0, -1
34, 32, 1, -2, 1
35, 31, 3, -2, -1
36, 30, 3, -4, 1
37, 29, 1, -2, 1
38, 28, 3, -2, -1
39, 27, 3, -4, 1
40, 26, 1, -2, 1
41, 25, 1, -4, 3
42, 24, -1, -2, 3
43, 23, 1, -2, 1
44, 22, -1, 0, 1
45, 21, -1, -2, 3
46, 20, -3, 0, 3
47, 19, -5, 2, 3
48, 18, -7, 4, 3
49, 17, -5, 4, 1
50, 16, -7, 6, 1
51, 15, -9, 8, 1
32, 35, 2, -2, 0
33, 34, 4, -2, -2
34, 33, 2, 0, -2
35, 32, 2, -2, 0
36, 31, 4, -2, -2
37, 30, 4, -4, 0
38, 29, 2, -2, 0
39, 28, 4, -2, -2
40, 27, 4, -4, 0
41, 26, 2, -2, 0
42, 25, 2, -4, 2
43, 24, 0, -2, 2
44, 23, 2, -2, 0
45, 22, 0, 0, 0
46, 21, 0, -2, 2
47, 20, -2, 0, 2
48, 19, -4, 2, 2
49, 18, -6, 4, 2
50, 17, -4, 4, 0
51, 16, -6, 6, 0
52, 15, -8, 8, 0
34, 34, 3, -1, -2
35, 33, 1, 1, -2
36, 32, 1, -1, 0
37, 31, 3, -1, -2
38, 30, 3, -3, 0
39, 29, 5, -3, -2
40, 28, 3, -1, -2
41, 27, 3, -3, 0
42, 26, 1, -1, 0
43, 25, 1, -3, 2
44, 24, 3, -3, 0
45, 23, 1, -1, 0
46, 22, -1, 1, 0
47, 21, -1, -1, 2
48, 20, -3, 1, 2
49, 19, -5, 3, 2
50, 18, -3, 3, 0
51, 17, -5, 5, 0
52, 16, -7, 7, 0
36, 33, 1, 0, -1
37, 32, 1, -2, 1
38, 31, 3, -2, -1
39, 30, 5, -2, -3
40, 29, 3, 0, -3
41, 28, 3, -2, -1
42, 27, 3, -4, 1
43, 26, 1, -2, 1
44, 25, 3, -2, -1
45, 24, 1, 0, -1
46, 23, -1, 2, -1
47, 22, -1, 0, 1
48, 21, -3, 2, 1
49, 20, -5, 4, 1
50, 19, -5, 2, 3
51, 18, -3, 2, 1
52, 17, -5, 4, 1
53, 16, -7, 6, 1
38, 32, 2, -2, 0
39, 31, 4, -2, -2
40, 30, 2, 0, -2
41, 29, 2, -2, 0
42, 28, 2, -4, 2
43, 27, 4, -4, 0
44, 26, 2, -2, 0
45, 25, 4, -2, -2
46, 24, 2, 0, -2
47, 23, 0, 2, -2
48, 22, 0, 0, 0
49, 21, -2, 2, 0
50, 20, -4, 4, 0
51, 19, -4, 2, 2
52, 18, -2, 2, 0
53, 17, -4, 4, 0
54, 16, -6, 6, 0
40, 31, 3, -1, -2
41, 30, 1, 1, -2
42, 29, 1, -1, 0
43, 28, 1, -3, 2
44, 27, 3, -3, 0
45, 26, 1, -1, 0
46, 25, 3, -1, -2
47, 24, 1, 1, -2
48, 23, -1, 3, -2
49, 22, -1, 1, 0
50, 21, -3, 3, 0
51, 20, -3, 1, 2
52, 19, -1, 1, 0
53, 18, -3, 3, 0
54, 17, -5, 5, 0
42, 30, 1, 0, -1
43, 29, 1, -2, 1
44, 28, 3, -2, -1
45, 27, 1, 0, -1
46, 26, 3, 0, -3
47, 25, 3, -2, -1
48, 24, 1, 0, -1
49, 23, -1, 2, -1
50, 22, -1, 0, 1
51, 21, -3, 2, 1
52, 20, -3, 0, 3
53, 19, -1, 0, 1
54, 18, -3, 2, 1
55, 17, -5, 4, 1
44, 29, 2, -2, 0
45, 28, 4, -2, -2
46, 27, 2, 0, -2
47, 26, 2, -2, 0
48, 25, 4, -2, -2
49, 24, 2, 0, -2
50, 23, 0, 2, -2
51, 22, 0, 0, 0
52, 21, -2, 2, 0
53, 20, -2, 0, 2
54, 19, 0, 0, 0
55, 18, -2, 2, 0
56, 17, -4, 4, 0
46, 28, 3, -1, -2
47, 27, 1, 1, -2
48, 26, 1, -1, 0
49, 25, 3, -1, -2
50, 24, 1, 1, -2
51, 23, 1, -1, 0
52, 22, -1, 1, 0
53, 21, -1, -1, 2
54, 20, 1, -1, 0
55, 19, -1, 1, 0
56, 18, -3, 3, 0
48, 27, 1, 0, -1
49, 26, 1, -2, 1
50, 25, 3, -2, -1
51, 24, 1, 0, -1
52, 23, -1, 2, -1
53, 22, -1, 0, 1
54, 21, 1, 0, -1
55, 20, 1, -2, 1
56, 19, -1, 0, 1
57, 18, -3, 2, 1
50, 26, 2, -2, 0
51, 25, 4, -2, -2
52, 24, 2, 0, -2
53, 23, 0, 2, -2
54, 22, 0, 0, 0
55, 21, 0, -2, 2
56, 20, 2, -2, 0
57, 19, 0, 0, 0
58, 18, -2, 2, 0
52, 25, 3, -1, -2
53, 24, 1, 1, -2
54, 23, 1, -1, 0
55, 22, 1, -3, 2
56, 21, 3, -3, 0
57, 20, 1, -1, 0
58, 19, -1, 1, 0
54, 24, 1, 0, -1
55, 23, 1, -2, 1
56, 22, 3, -2, -1
57, 21, 1, 0, -1
58, 20, 1, -2, 1
59, 19, -1, 0, 1
56, 23, 2, -2, 0
57, 22, 4, -2, -2
58, 21, 2, 0, -2
59, 20, 2, -2, 0
60, 19, 0, 0, 0
58, 22, 3, -1, -2
59, 21, 1, 1, -2
60, 20, 1, -1, 0
60, 21, 1, 0, -1
